Chace Trujillo 1144215869 CS100 1 5 9 10 16 83 67 
Kiana Meyer 1690118278 CS100 1 8 7 8 8 72 74 
Colt Liu 1067319551 CS536 2 5 10 7 17 71 86 
Amari Edwards 1390319231 CS570 2 7 5 8 10 77 71 
Yadiel Guerra 1863612388 CS487 3 8 7 8 20 88 87 
Yadiel Benson 1542411034 CS570 1 6 10 8 15 98 94 
Eliezer Guerra 1151514961 CS487 2 5 10 8 8 80 70 
Odin Liu 1291714964 CS100 3 5 6 10 9 94 70 
Nicole Guerra 1980319651 CS401 3 7 8 5 4 83 71 
Colt Pittman 1234812347 CS100 1 6 9 7 7 93 75 
Akira Robinson 1866613684 CS536 3 6 10 9 18 93 62 
Sonia Graves 1705218772 CS401 1 10 5 7 2 97 90 
Joselyn Mccarty 1544210419 CS536 3 10 6 6 17 78 75 
Kelsey Trujillo 1043419242 CS100 3 7 10 9 14 80 89 
Haylee Wiley 1215012868 CS546 1 8 7 8 19 99 100 
Odin Benson 1278116928 CS201 3 6 8 10 17 96 90 
Rhys Robinson 1790714977 CS201 3 5 9 10 7 98 85 
Reese Dominguez 1916215949 CS570 2 8 7 5 7 72 97 
Isla Villanueva 1683713880 CS546 1 8 7 5 16 91 83 
Olivia Wiley 1771916421 CS487 3 6 8 10 20 80 69 
Eliezer Huff 1162618254 CS401 2 9 5 9 14 73 95 
Joselyn Guerra 1007515752 CS536 2 10 8 6 1 89 62 
Haylee Bonilla 1192815208 CS570 2 6 6 6 17 77 61 
Nicole Pittman 1951412336 CS201 1 5 7 10 19 96 75 
Ean Meyer 1283611158 CS201 2 10 10 10 1 85 84 
Ashley Cohen 1832812411 CS546 3 10 9 7 6 95 97 
Luciano Wiley 1375918626 CS536 3 5 7 6 20 73 98 
Alvin Mccarty 1116216303 CS401 3 10 5 5 12 96 97 
Braylon Cohen 1944519883 CS401 3 5 10 8 10 77 68 
Odin Collier 1415513290 CS546 1 7 9 9 12 90 83 
Akira Dalton 1562010785 CS100 1 5 6 6 4 94 100 
Ean Dalton 1424513945 CS536 1 5 10 5 13 95 71 
Odin Villanueva 1249212569 CS100 1 6 5 6 5 100 97 
Ean Chung 1775510570 CS546 2 5 5 8 17 84 99 
Kiana Dalton 1526915169 CS401 3 10 5 10 16 90 85 
Colt Mann 1430719001 CS201 1 8 6 7 18 93 66 
Odin Bauer 1733518866 CS401 3 9 6 5 8 71 94 
Rhys Beck 1305311251 CS487 1 8 10 9 8 87 77 
Colt Villanueva 1423812557 CS201 2 6 7 9 3 81 88 
Alvin Graves 1745915669 CS546 2 6 5 8 1 92 70 
Braylon Bonilla 1091413740 CS546 2 7 5 6 1 73 91 
Joselyn Benson 1720716494 CS546 1 5 5 9 17 90 68 
Kiana Mcdaniel 1678013270 CS570 1 7 7 9 15 77 98 
Olivia Mccarty 1847616627 CS201 3 6 5 6 11 83 67 
Sonia Bird 1930117689 CS487 3 5 10 8 1 97 87 
Odin Pace 1651714467 CS100 3 9 9 9 7 95 81 
Jaxson Beck 1058914582 CS536 1 9 6 8 4 71 82 
Jaime Beck 1901715702 CS536 1 5 6 8 10 85 89 
Haylee Dalton 1350510660 CS536 2 8 7 6 8 98 69 
Jaxson Pace 1162219062 CS536 1 10 9 10 10 92 70 
Isla Wiley 1319819680 CS546 1 5 8 7 2 74 68 
Rayne Collier 1665812140 CS401 3 9 6 10 5 89 90 
Angelique Trujillo 1352716087 CS401 2 6 10 8 4 81 96 
Odin Pittman 1243417961 CS487 1 7 9 8 1 96 83 
Jaime Mann 1016417767 CS100 1 5 10 5 16 77 69 
Jaxson Blackwell 1529614473 CS100 1 7 8 6 14 100 84 
Haylee Pittman 1918511647 CS536 3 10 10 7 1 78 73 
Odin Wiley 1796216386 CS487 1 8 6 5 19 74 75 
Eliezer Orr 1539917375 CS546 2 10 9 6 1 87 87 
Cristina Blackwell 1260819109 CS201 1 6 6 9 15 96 94 
Jordon Trujillo 1258910357 CS487 1 5 7 8 11 75 73 
Reese Meyer 1489111231 CS401 3 6 9 9 11 83 86 
Akira Beard 1684710728 CS536 1 8 6 6 2 96 65 
Rhys Pittman 1590917722 CS546 3 7 8 7 9 92 69 
Eliezer Beard 1384212030 CS546 3 8 5 6 9 76 78 
Alvin Meyer 1626215544 CS546 2 7 9 6 2 97 71 
Jaime Pace 1982011064 CS201 2 6 7 10 10 73 63 
Reese Meyer 1689411038 CS570 2 5 9 6 6 76 62  
